4.632	298.15	0.000	0.02188
2.828	298.15	0.000	0.01495
1.320	298.15	0.000	0.00770
0.261	298.15	0.000	0.00158
4.590	293.15	0.000	0.02243
2.790	293.15	0.000	0.01638
1.291	293.15	0.000	0.00861
0.254	293.15	0.000	0.00178
4.554	288.15	0.000	0.02449
2.744	288.15	0.000	0.01821
1.258	288.15	0.000	0.00968
0.247	288.15	0.000	0.00200
2.692	283.15	0.000	0.02033
1.220	283.15	0.000	0.01089
0.239	283.15	0.000	0.00228
2.640	278.15	0.000	0.02280
1.174	278.15	0.000	0.01237
0.231	278.15	0.000	0.00263
2.608	273.15	0.000	0.02557
1.121	273.15	0.000	0.01401
0.221	273.15	0.000	0.00296
4.665	298.15	2.524	0.02188
3.405	298.15	2.524	0.01726
1.627	298.15	2.524	0.00927
0.306	298.15	2.524	0.00184
4.621	293.15	2.524	0.02240
3.315	293.15	2.524	0.01843
1.595	293.15	2.524	0.01034
0.298	293.15	2.524	0.00207
4.575	288.15	2.524	0.02443
3.260	288.15	2.524	0.02034
1.560	288.15	2.524	0.01162
0.293	288.15	2.524	0.00236
3.221	283.15	2.524	0.02277
1.524	283.15	2.524	0.01309
0.285	283.15	2.524	0.00270
3.162	278.15	2.524	0.02553
1.483	278.15	2.524	0.01489
0.276	278.15	2.524	0.00313
1.440	273.15	2.524	0.01709
0.264	273.15	2.524	0.00356
4.925	298.15	2.916	0.02274
2.696	298.15	2.916	0.01429
1.304	298.15	2.916	0.00758
0.416	298.15	2.916	0.00251
4.900	293.15	2.916	0.02299
2.659	293.15	2.916	0.01571
1.280	293.15	2.916	0.00850
0.407	293.15	2.916	0.00281
4.876	288.15	2.916	0.02504
2.613	288.15	2.916	0.01748
1.251	288.15	2.916	0.00959
0.396	288.15	2.916	0.00318
2.560	283.15	2.916	0.01953
1.216	283.15	2.916	0.01080
0.383	283.15	2.916	0.00360
2.507	278.15	2.916	0.02190
1.175	278.15	2.916	0.01231
0.368	278.15	2.916	0.00410
2.504	273.15	2.916	0.02491
1.124	273.15	2.916	0.01396
0.350	273.15	2.916	0.00466
4.422	298.15	4.232	0.02097
1.938	298.15	4.232	0.01078
1.320	298.15	4.232	0.00766
0.421	298.15	4.232	0.00253
4.380	293.15	4.232	0.02173
1.909	293.15	4.232	0.01202
1.297	293.15	4.232	0.00858
0.413	293.15	4.232	0.00285
4.307	288.15	4.232	0.02370
1.877	288.15	4.232	0.01351
1.271	288.15	4.232	0.00970
0.402	288.15	4.232	0.00322
1.835	283.15	4.232	0.01518
1.238	283.15	4.232	0.01095
0.391	283.15	4.232	0.00367
1.784	278.15	4.232	0.01713
1.195	278.15	4.232	0.01245
0.378	278.15	4.232	0.00419
1.722	273.15	4.232	0.01950
1.150	273.15	4.232	0.01419
0.364	273.15	4.232	0.00482
4.561	298.15	7.919	0.02128
2.767	298.15	7.919	0.01445
1.324	298.15	7.919	0.00763
0.422	298.15	7.919	0.00252
4.527	293.15	7.919	0.02194
2.733	293.15	7.919	0.01588
1.301	293.15	7.919	0.00855
0.413	293.15	7.919	0.00282
4.483	288.15	7.919	0.02398
2.689	288.15	7.919	0.01766
1.272	288.15	7.919	0.00964
0.403	288.15	7.919	0.00319
2.637	283.15	7.919	0.01975
1.238	283.15	7.919	0.01087
0.390	283.15	7.919	0.00363
2.556	278.15	7.919	0.02198
1.197	278.15	7.919	0.01238
0.375	278.15	7.919	0.00414
2.555	273.15	7.919	0.02496
1.148	273.15	7.919	0.01406
0.357	273.15	7.919	0.00473
4.697	298.15	10.044	0.02165
2.654	298.15	10.044	0.01391
1.347	298.15	10.044	0.00773
0.474	298.15	10.044	0.00282
4.641	293.15	10.044	0.02211
2.614	293.15	10.044	0.01528
1.306	293.15	10.044	0.00854
0.466	293.15	10.044	0.00318
4.618	288.15	10.044	0.02419
2.575	288.15	10.044	0.01704
1.262	288.15	10.044	0.00953
0.459	288.15	10.044	0.00361
2.523	283.15	10.044	0.01906
1.216	283.15	10.044	0.01065
0.450	283.15	10.044	0.00417
2.477	278.15	10.044	0.02143
1.114	278.15	10.044	0.01160
0.439	278.15	10.044	0.00478
2.474	273.15	10.044	0.02443
1.048	273.15	10.044	0.01295
0.428	273.15	10.044	0.00560
4.683	298.15	12.494	0.02148
2.728	298.15	12.494	0.01415
1.295	298.15	12.494	0.00743
0.420	298.15	12.494	0.00249
4.649	293.15	12.494	0.02201
2.697	293.15	12.494	0.01557
1.272	293.15	12.494	0.00831
0.411	293.15	12.494	0.00279
4.609	288.15	12.494	0.02406
2.654	288.15	12.494	0.01732
1.245	288.15	12.494	0.00937
0.401	288.15	12.494	0.00316
2.602	283.15	12.494	0.01938
1.212	283.15	12.494	0.01057
0.389	283.15	12.494	0.00359
2.525	278.15	12.494	0.02160
1.173	278.15	12.494	0.01205
0.374	278.15	12.494	0.00408
2.521	273.15	12.494	0.02457
1.128	273.15	12.494	0.01371
0.357	273.15	12.494	0.00463
4.351	298.15	15.035	0.02022
1.714	298.15	15.035	0.00950
0.922	298.15	15.035	0.00541
0.406	298.15	15.035	0.00241
3.940	293.15	15.035	0.02001
1.688	293.15	15.035	0.01059
0.905	293.15	15.035	0.00605
0.400	293.15	15.035	0.00270
3.772	288.15	15.035	0.02162
1.661	288.15	15.035	0.01194
0.882	288.15	15.035	0.00682
0.388	288.15	15.035	0.00305
1.617	283.15	15.035	0.01341
0.863	283.15	15.035	0.00777
0.379	283.15	15.035	0.00347
1.574	278.15	15.035	0.01521
0.840	278.15	15.035	0.00898
0.367	278.15	15.035	0.00401
1.523	273.15	15.035	0.01738
0.806	273.15	15.035	0.01017
0.353	273.15	15.035	0.00458
4.622	298.15	18.029	0.02100
2.710	298.15	18.029	0.01390
1.290	298.15	18.029	0.00734
0.428	298.15	18.029	0.00253
4.591	293.15	18.029	0.02160
2.677	293.15	18.029	0.01528
1.269	293.15	18.029	0.00819
0.418	293.15	18.029	0.00281
4.550	288.15	18.029	0.02365
2.635	288.15	18.029	0.01701
1.241	288.15	18.029	0.00923
0.408	288.15	18.029	0.00316
2.584	283.15	18.029	0.01906
1.210	283.15	18.029	0.01043
0.395	283.15	18.029	0.00359
2.526	278.15	18.029	0.02135
1.173	278.15	18.029	0.01190
0.381	278.15	18.029	0.00411
2.524	273.15	18.029	0.02431
1.127	273.15	18.029	0.01352
0.363	273.15	18.029	0.00465
4.740	298.15	19.173	0.02133
2.764	298.15	19.173	0.01408
1.329	298.15	19.173	0.00752
0.361	298.15	19.173	0.00211
4.724	293.15	19.173	0.02185
2.729	293.15	19.173	0.01546
1.296	293.15	19.173	0.00833
0.350	293.15	19.173	0.00234
4.710	288.15	19.173	0.02396
2.690	288.15	19.173	0.01722
1.260	288.15	19.173	0.00933
0.338	288.15	19.173	0.00262
2.642	283.15	19.173	0.01931
1.220	283.15	19.173	0.01047
0.323	283.15	19.173	0.00293
2.587	278.15	19.173	0.02165
1.174	278.15	19.173	0.01188
0.306	278.15	19.173	0.00329
2.578	273.15	19.173	0.02454
1.126	273.15	19.173	0.01347
0.285	273.15	19.173	0.00367
4.596	298.15	20.142	0.02080
2.725	298.15	20.142	0.01389
0.831	298.15	20.142	0.00487
0.232	298.15	20.142	0.00137
4.564	293.15	20.142	0.02143
2.573	293.15	20.142	0.01476
0.809	293.15	20.142	0.00539
0.203	293.15	20.142	0.00136
4.494	288.15	20.142	0.02341
2.457	288.15	20.142	0.01608
0.789	288.15	20.142	0.00609
0.138	288.15	20.142	0.00108
2.415	283.15	20.142	0.01808
0.771	283.15	20.142	0.00693
0.118	283.15	20.142	0.00108
2.365	278.15	20.142	0.02031
0.637	278.15	20.142	0.00690
0.111	278.15	20.142	0.00120
2.350	273.15	20.142	0.02322
0.587	273.15	20.142	0.00750
0.106	273.15	20.142	0.00138
4.613	298.15	22.339	0.02074
2.710	298.15	22.339	0.01375
1.291	298.15	22.339	0.00728
0.390	298.15	22.339	0.00228
4.579	293.15	22.339	0.02135
2.677	293.15	22.339	0.01512
1.272	293.15	22.339	0.00813
0.382	293.15	22.339	0.00254
4.539	288.15	22.339	0.02340
2.639	288.15	22.339	0.01685
1.246	288.15	22.339	0.00917
0.374	288.15	22.339	0.00287
2.589	283.15	22.339	0.01890
1.215	283.15	22.339	0.01036
0.363	283.15	22.339	0.00327
2.532	278.15	22.339	0.02118
1.179	278.15	22.339	0.01183
0.351	278.15	22.339	0.00374
2.472	273.15	22.339	0.02381
1.135	273.15	22.339	0.01345
0.336	273.15	22.339	0.00426
4.457	298.15	24.722	0.02008
2.678	298.15	24.722	0.01354
1.316	298.15	24.722	0.00738
0.423	298.15	24.722	0.00247
4.425	293.15	24.722	0.02086
2.646	293.15	24.722	0.01490
1.293	293.15	24.722	0.00821
0.416	293.15	24.722	0.00275
4.384	288.15	24.722	0.02289
2.606	288.15	24.722	0.01659
1.267	288.15	24.722	0.00926
0.406	288.15	24.722	0.00310
2.558	283.15	24.722	0.01864
1.236	283.15	24.722	0.01046
0.396	283.15	24.722	0.00352
2.500	278.15	24.722	0.02088
1.199	278.15	24.722	0.01192
0.383	278.15	24.722	0.00403
2.489	273.15	24.722	0.02377
1.155	273.15	24.722	0.01356
0.366	273.15	24.722	0.00459
4.600	298.15	25.029	0.02055
3.513	298.15	25.029	0.01676
1.357	298.15	25.029	0.00758
0.359	298.15	25.029	0.00209
4.576	293.15	25.029	0.02120
3.488	293.15	25.029	0.01809
1.335	293.15	25.029	0.00844
0.351	293.15	25.029	0.00233
4.552	288.15	25.029	0.02329
3.476	288.15	25.029	0.02011
1.308	288.15	25.029	0.00951
0.342	288.15	25.029	0.00261
3.468	283.15	25.029	0.02272
1.279	283.15	25.029	0.01076
0.334	283.15	25.029	0.00299
3.461	278.15	25.029	0.02579
1.242	278.15	25.029	0.01227
0.320	278.15	25.029	0.00339
3.457	273.15	25.029	0.02748
1.208	273.15	25.029	0.01407
0.310	273.15	25.029	0.00390
4.505	298.15	28.622	0.02003
2.689	298.15	28.622	0.01345
1.348	298.15	28.622	0.00748
0.422	298.15	28.622	0.00244
4.470	293.15	28.622	0.02075
2.657	293.15	28.622	0.01479
1.327	293.15	28.622	0.00832
0.415	293.15	28.622	0.00272
4.425	288.15	28.622	0.02278
2.617	288.15	28.622	0.01647
1.300	288.15	28.622	0.00938
0.406	288.15	28.622	0.00305
2.570	283.15	28.622	0.01852
1.266	283.15	28.622	0.01057
0.395	283.15	28.622	0.00349
2.514	278.15	28.622	0.02076
1.230	278.15	28.622	0.01205
0.383	278.15	28.622	0.00402
2.487	273.15	28.622	0.02355
1.190	273.15	28.622	0.01376
0.367	273.15	28.622	0.00460
4.727	298.15	30.143	0.02064
2.942	298.15	30.143	0.01431
1.367	298.15	30.143	0.00744
0.294	298.15	30.143	0.00171
4.713	293.15	30.143	0.02089
2.922	293.15	30.143	0.01594
1.345	293.15	30.143	0.00848
0.288	293.15	30.143	0.00189
4.694	288.15	30.143	0.02334
2.904	288.15	30.143	0.01765
1.323	288.15	30.143	0.00948
0.280	288.15	30.143	0.00212
2.885	283.15	30.143	0.01997
1.302	283.15	30.143	0.01079
0.273	283.15	30.143	0.00242
2.865	278.15	30.143	0.02257
1.277	278.15	30.143	0.01238
0.264	278.15	30.143	0.00278
2.844	273.15	30.143	0.02520
1.251	273.15	30.143	0.01428
0.252	273.15	30.143	0.00317
4.430	298.15	32.769	0.01954
2.714	298.15	32.769	0.01340
1.337	298.15	32.769	0.00737
0.414	298.15	32.769	0.00239
4.398	293.15	32.769	0.02034
2.681	293.15	32.769	0.01472
1.315	293.15	32.769	0.00817
0.405	293.15	32.769	0.00263
4.356	288.15	32.769	0.02236
2.642	288.15	32.769	0.01639
1.287	288.15	32.769	0.00919
0.396	288.15	32.769	0.00295
2.595	283.15	32.769	0.01844
1.255	283.15	32.769	0.01038
0.385	283.15	32.769	0.00336
2.539	278.15	32.769	0.02068
1.217	278.15	32.769	0.01181
0.372	278.15	32.769	0.00385
2.512	273.15	32.769	0.02345
1.172	273.15	32.769	0.01342
0.356	273.15	32.769	0.00438
4.488	298.15	35.159	0.01960
2.740	298.15	35.159	0.01341
1.344	298.15	35.159	0.00736
0.402	298.15	35.159	0.00229
4.451	293.15	35.159	0.02034
2.709	293.15	35.159	0.01473
1.324	293.15	35.159	0.00817
0.396	293.15	35.159	0.00256
4.411	288.15	35.159	0.02236
2.672	288.15	35.159	0.01641
1.298	288.15	35.159	0.00920
0.388	288.15	35.159	0.00288
2.625	283.15	35.159	0.01848
1.270	283.15	35.159	0.01042
0.378	283.15	35.159	0.00327
2.573	278.15	35.159	0.02073
1.235	278.15	35.159	0.01188
0.366	278.15	35.159	0.00377
2.551	273.15	35.159	0.02351
1.192	273.15	35.159	0.01352
0.352	273.15	35.159	0.00432
4.840	298.15	39.565	0.02049
2.747	298.15	39.565	0.01327
1.332	298.15	39.565	0.00723
0.521	298.15	39.565	0.00302
4.813	293.15	39.565	0.02090
2.716	293.15	39.565	0.01457
1.311	293.15	39.565	0.00801
0.511	293.15	39.565	0.00332
4.791	288.15	39.565	0.02301
2.676	288.15	39.565	0.01621
1.286	288.15	39.565	0.00902
0.500	288.15	39.565	0.00376
2.632	283.15	39.565	0.01828
1.255	283.15	39.565	0.01018
0.486	283.15	39.565	0.00426
2.583	278.15	39.565	0.02054
1.219	278.15	39.565	0.01160
0.470	278.15	39.565	0.00491
2.579	273.15	39.565	0.02339
1.176	273.15	39.565	0.01318
0.451	273.15	39.565	0.00552
4.066	298.15	40.679	0.01787
2.848	298.15	40.679	0.01360
1.219	298.15	40.679	0.00667
0.388	298.15	40.679	0.00219
4.040	293.15	40.679	0.01894
2.831	293.15	40.679	0.01497
1.167	293.15	40.679	0.00720
0.380	293.15	40.679	0.00240
4.009	288.15	40.679	0.02092
2.802	288.15	40.679	0.01669
1.110	288.15	40.679	0.00790
0.370	288.15	40.679	0.00270
2.780	283.15	40.679	0.01893
1.037	283.15	40.679	0.00859
0.361	283.15	40.679	0.00311
2.763	278.15	40.679	0.02142
0.950	278.15	40.679	0.00934
0.351	278.15	40.679	0.00355
2.749	273.15	40.679	0.02415
0.865	273.15	40.679	0.01006
0.340	273.15	40.679	0.00412
4.501	298.15	42.150	0.01921
2.820	298.15	42.150	0.01344
1.308	298.15	42.150	0.00708
0.413	298.15	42.150	0.00237
4.467	293.15	42.150	0.01995
2.789	293.15	42.150	0.01474
1.282	293.15	42.150	0.00779
0.395	293.15	42.150	0.00256
4.431	288.15	42.150	0.02198
2.757	288.15	42.150	0.01643
1.252	288.15	42.150	0.00874
0.381	288.15	42.150	0.00285
2.722	283.15	42.150	0.01858
1.215	283.15	42.150	0.00983
0.366	283.15	42.150	0.00317
2.683	278.15	42.150	0.02091
1.171	278.15	42.150	0.01112
0.353	278.15	42.150	0.00360
2.638	273.15	42.150	0.02353
1.128	273.15	42.150	0.01262
0.340	273.15	42.150	0.00409
4.810	298.15	42.442	0.02020
2.686	298.15	42.442	0.01292
1.296	298.15	42.442	0.00701
0.417	298.15	42.442	0.00235
4.777	293.15	42.442	0.02064
2.656	293.15	42.442	0.01420
1.276	293.15	42.442	0.00776
0.410	293.15	42.442	0.00258
4.737	288.15	42.442	0.02271
2.620	288.15	42.442	0.01583
1.252	288.15	42.442	0.00874
0.401	288.15	42.442	0.00290
2.577	283.15	42.442	0.01787
1.224	283.15	42.442	0.00988
0.391	283.15	42.442	0.00331
2.525	278.15	42.442	0.02006
1.189	278.15	42.442	0.01126
0.379	278.15	42.442	0.00381
2.484	273.15	42.442	0.02271
1.151	273.15	42.442	0.01283
0.364	273.15	42.442	0.00434
4.728	298.15	44.334	0.01981
2.708	298.15	44.334	0.01293
1.317	298.15	44.334	0.00708
0.325	298.15	44.334	0.00182
4.697	293.15	44.334	0.02035
2.676	293.15	44.334	0.01420
1.296	293.15	44.334	0.00782
0.321	293.15	44.334	0.00201
4.660	288.15	44.334	0.02241
2.641	288.15	44.334	0.01582
1.273	288.15	44.334	0.00881
0.315	288.15	44.334	0.00228
2.596	283.15	44.334	0.01786
1.245	283.15	44.334	0.00997
0.309	283.15	44.334	0.00262
2.549	278.15	44.334	0.02007
1.210	278.15	44.334	0.01136
0.301	278.15	44.334	0.00302
2.536	273.15	44.334	0.02287
1.170	273.15	44.334	0.01292
0.292	273.15	44.334	0.00350
3.751	298.15	48.716	0.01635
2.729	298.15	48.716	0.01282
1.324	298.15	48.716	0.00704
0.413	298.15	48.716	0.00229
3.718	293.15	48.716	0.01754
2.701	293.15	48.716	0.01409
1.304	293.15	48.716	0.00776
0.392	293.15	48.716	0.00241
3.679	288.15	48.716	0.01941
2.665	288.15	48.716	0.01569
1.280	288.15	48.716	0.00874
0.374	288.15	48.716	0.00266
2.623	283.15	48.716	0.01775
1.253	283.15	48.716	0.00989
0.355	283.15	48.716	0.00295
2.574	278.15	48.716	0.01994
1.221	278.15	48.716	0.01128
0.336	278.15	48.716	0.00333
2.508	273.15	48.716	0.02244
1.182	273.15	48.716	0.01284
0.316	273.15	48.716	0.00368
4.610	298.15	49.907	0.01906
2.805	298.15	49.907	0.01305
1.254	298.15	49.907	0.00669
0.350	298.15	49.907	0.00193
4.591	293.15	49.907	0.01975
2.774	293.15	49.907	0.01431
1.233	293.15	49.907	0.00736
0.342	293.15	49.907	0.00210
4.569	288.15	49.907	0.02182
2.736	288.15	49.907	0.01592
1.211	288.15	49.907	0.00829
0.334	288.15	49.907	0.00236
2.694	283.15	49.907	0.01801
1.187	283.15	49.907	0.00940
0.325	283.15	49.907	0.00271
2.646	278.15	49.907	0.02024
1.156	278.15	49.907	0.01073
0.315	278.15	49.907	0.00310
2.585	273.15	49.907	0.02276
1.118	273.15	49.907	0.01220
0.303	273.15	49.907	0.00352
4.567	298.15	52.891	0.01872
2.918	298.15	52.891	0.01331
1.329	298.15	52.891	0.00699
0.263	298.15	52.891	0.00144
4.537	293.15	52.891	0.01942
2.885	293.15	52.891	0.01457
1.310	293.15	52.891	0.00770
0.258	293.15	52.891	0.00158
4.513	288.15	52.891	0.02148
2.852	288.15	52.891	0.01622
1.285	288.15	52.891	0.00865
0.253	288.15	52.891	0.00178
2.811	283.15	52.891	0.01836
1.261	283.15	52.891	0.00981
0.247	283.15	52.891	0.00204
2.764	278.15	52.891	0.02060
1.228	278.15	52.891	0.01084
0.239	278.15	52.891	0.00232
2.757	273.15	52.891	0.02339
1.185	273.15	52.891	0.01268
0.230	273.15	52.891	0.00266
4.644	298.15	55.491	0.01879
2.759	298.15	55.491	0.01263
1.330	298.15	55.491	0.00694
0.419	298.15	55.491	0.00238
4.614	293.15	55.491	0.01942
2.730	293.15	55.491	0.01387
1.312	293.15	55.491	0.00764
0.413	293.15	55.491	0.00259
4.576	288.15	55.491	0.02146
2.694	288.15	55.491	0.01544
1.290	288.15	55.491	0.00860
0.405	288.15	55.491	0.00292
2.652	283.15	55.491	0.01749
1.263	283.15	55.491	0.00974
0.396	283.15	55.491	0.00332
2.601	278.15	55.491	0.01964
1.230	278.15	55.491	0.01109
0.385	278.15	55.491	0.00384
2.566	273.15	55.491	0.02228
1.192	273.15	55.491	0.01262
0.370	273.15	55.491	0.00430

